                SVR  RandomForest  NaiveForecast  LinearRegr   KNN  DecisionTree   GRU
SVR           0.000         0.412          0.161       0.971 0.017         0.020 0.904
RandomForest  0.412         0.000          0.483       0.415 0.035         0.051 0.497
NaiveForecast 0.161         0.483          0.000       0.155 0.070         0.126 0.207
LinearRegr    0.971         0.415          0.155       0.000 0.016         0.019 0.929
KNN           0.017         0.035          0.070       0.016 0.000         0.476 0.020
DecisionTree  0.020         0.051          0.126       0.019 0.476         0.000 0.026
GRU           0.904         0.497          0.207       0.929 0.020         0.026 0.000