                SVR  RandomForest  NaiveForecast  LinearRegr   KNN  DecisionTree   GRU
SVR           0.000         0.431          0.106       0.901 0.015         0.033 0.787
RandomForest  0.431         0.000          0.367       0.456 0.036         0.096 0.613
NaiveForecast 0.106         0.367          0.000       0.091 0.081         0.258 0.180
LinearRegr    0.901         0.456          0.091       0.000 0.014         0.028 0.862
KNN           0.015         0.036          0.081       0.014 0.000         0.373 0.022
DecisionTree  0.033         0.096          0.258       0.028 0.373         0.000 0.052
GRU           0.787         0.613          0.180       0.862 0.022         0.052 0.000